0	45173
1	42327
2	42360
3	35415
4	32316
5	27612
6	25151
7	22225
8	20174
9	17850
10	16765
11	15251
12	14433
13	12956
14	12209
15	11219
16	10858
17	10000
18	9590
19	8977
20	8677
21	8264
22	7765
23	7322
24	7104
25	6826
26	6570
27	6124
28	5820
29	5727
30	5528
31	5144
32	5031
33	4903
34	4670
35	4429
36	4333
37	4179
38	4066
39	3863
40	3833
41	3681
42	3462
43	3358
44	3286
45	3253
46	3099
47	3102
48	3044
49	2868
50	2857
51	2785
52	2698
53	2691
54	2560
55	2489
56	2458
57	2402
58	2316
59	2244
60	2296
61	2224
62	2135
63	2073
64	2073
65	1997
66	1881
67	1849
68	1888
69	1819
70	1768
71	1752
72	1639
73	1564
74	1601
75	1580
76	1525
77	1552
78	1537
79	1418
80	1432
81	1393
82	1356
83	1362
84	1316
85	1327
86	1196
87	1268
88	1259
89	1149
90	1142
91	1156
92	1193
93	1123
94	1060
95	1058
96	1047
97	1054
98	1052
99	1049
100	996
101	889
102	942
103	919
104	972
105	953
106	973
107	894
108	918
109	867
110	895
111	823
112	885
113	869
114	825
115	786
116	842
117	801
118	815
119	766
120	764
121	731
122	779
123	723
124	748
125	765
126	702
127	687
128	674
129	710
130	712
131	657
132	627
133	657
134	699
135	670
136	618
137	641
138	628
139	592
140	645
141	614
142	599
143	611
144	609
145	648
146	604
147	595
148	559
149	564
150	602
151	584
152	584
153	567
154	540
155	519
156	534
157	580
158	550
159	543
160	531
161	505
162	525
163	441
164	497
165	519
166	503
167	476
168	473
169	498
170	463
171	475
172	457
173	472
174	445
175	475
176	470
177	433
178	443
179	430
180	417
181	377
182	438
183	408
184	402
185	411
186	398
187	358
188	378
189	385
190	342
191	349
192	341
193	368
194	369
195	321
196	367
197	357
198	357
199	359
200	329
201	348
202	292
203	302
204	315
205	293
206	292
207	340
208	333
209	331
210	302
211	308
212	317
213	278
214	286
215	314
216	291
217	287
218	299
219	306
220	288
221	307
222	295
223	285
224	283
225	266
226	283
227	265
228	254
229	263
230	232
231	253
232	254
233	278
234	255
235	247
236	228
237	243
238	235
239	251
240	259
241	240
242	227
243	245
244	252
245	228
246	257
247	248
248	229
249	219
250	225
251	234
252	195
253	218
254	184
255	215
256	228
257	193
258	210
259	209
260	207
261	201
262	206
263	175
264	230
265	203
266	207
267	198
268	197
269	188
270	185
271	194
272	211
273	175
274	222
275	199
276	195
277	163
278	202
279	193
280	186
281	198
282	184
283	167
284	169
285	180
286	170
287	198
288	168
289	177
290	173
291	208
292	196
293	181
294	154
295	161
296	157
297	191
298	167
299	166
300	164
301	154
302	147
303	134
304	156
305	148
306	166
307	153
308	158
309	159
310	168
311	192
312	162
313	144
314	144
315	174
316	133
317	179
318	160
319	144
320	137
321	159
322	146
323	159
324	157
325	151
326	136
327	152
328	138
329	147
330	144
331	172
332	134
333	141
334	132
335	120
336	131
337	129
338	137
339	133
340	124
341	134
342	160
343	131
344	128
345	119
346	163
347	146
348	149
349	147
350	140
351	123
352	144
353	135
354	139
355	134
356	131
357	110
358	130
359	122
360	111
361	132
362	110
363	155
364	111
365	124
366	125
367	111
368	133
369	127
370	116
371	115
372	137
373	118
374	124
375	128
376	123
377	128
378	112
379	127
380	111
381	112
382	120
383	136
384	128
385	122
386	119
387	132
388	103
389	113
390	111
391	104
392	120
393	95
394	105
395	133
396	112
397	112
398	115
399	92
400	118
401	121
402	105
403	99
404	98
405	118
406	101
407	95
408	94
409	90
410	115
411	110
412	82
413	96
414	116
415	90
416	102
417	102
418	97
419	94
420	84
421	120
422	89
423	85
424	91
425	87
426	95
427	80
428	78
429	84
430	87
431	89
432	91
433	84
434	89
435	81
436	105
437	84
438	72
439	92
440	86
441	88
442	79
443	74
444	64
445	85
446	93
447	75
448	93
449	72
450	81
451	87
452	82
453	75
454	84
455	97
456	67
457	91
458	96
459	68
460	64
461	77
462	83
463	82
464	77
465	83
466	79
467	86
468	74
469	88
470	84
471	82
472	87
473	73
474	75
475	72
476	92
477	65
478	74
479	91
480	78
481	89
482	66
483	71
484	68
485	68
486	67
487	87
488	80
489	69
490	79
491	71
492	72
493	80
494	79
495	84
496	77
497	69
498	69
499	77
500	71
501	72
502	78
503	62
504	65
505	73
506	59
507	62
508	65
509	70
510	63
511	69
512	76
513	79
514	60
515	68
516	62
517	67
518	64
519	68
520	69
521	70
522	73
523	64
524	73
525	72
526	64
527	65
528	72
529	69
530	76
531	75
532	58
533	63
534	65
535	73
536	81
537	71
538	53
539	62
540	64
541	72
542	60
543	57
544	61
545	77
546	57
547	58
548	67
549	63
550	58
551	59
552	61
553	56
554	65
555	51
556	57
557	68
558	48
559	54
560	48
561	52
562	42
563	53
564	52
565	64
566	50
567	49
568	61
569	50
570	50
571	56
572	57
573	49
574	50
575	50
576	55
577	44
578	56
579	47
580	47
581	40
582	50
583	60
584	41
585	56
586	51
587	50
588	58
589	51
590	49
591	56
592	62
593	51
594	63
595	50
596	49
597	50
598	41
599	47
600	46
601	48
602	48
603	54
604	41
605	52
606	63
607	54
608	50
609	55
610	40
611	45
612	44
613	49
614	52
615	61
616	60
617	34
618	41
619	49
620	50
621	43
622	48
623	50
624	54
625	41
626	50
627	50
628	34
629	48
630	53
631	46
632	42
633	53
634	54
635	37
636	54
637	44
638	49
639	47
640	51
641	45
642	42
643	44
644	51
645	49
646	47
647	46
648	43
649	36
650	45
651	53
652	45
653	46
654	51
655	43
656	41
657	38
658	44
659	56
660	43
661	52
662	45
663	41
664	49
665	41
666	35
667	41
668	38
669	40
670	42
671	46
672	45
673	40
674	45
675	44
676	37
677	38
678	39
679	51
680	34
681	46
682	34
683	38
684	50
685	40
686	53
687	29
688	48
689	44
690	41
691	32
692	38
693	38
694	39
695	37
696	47
697	27
698	66
699	36
700	34
701	37
702	48
703	32
704	44
705	35
706	41
707	36
708	43
709	28
710	44
711	44
712	38
713	47
714	31
715	43
716	32
717	40
718	46
719	45
720	36
721	30
722	35
723	40
724	35
725	39
726	33
727	32
728	38
729	33
730	34
731	30
732	47
733	40
734	38
735	29
736	47
737	41
738	36
739	38
740	26
741	36
742	41
743	42
744	36
745	39
746	33
747	38
748	32
749	39
750	31
751	27
752	31
753	20
754	36
755	43
756	32
757	39
758	38
759	38
760	24
761	43
762	25
763	31
764	38
765	34
766	19
767	33
768	35
769	19
770	30
771	31
772	37
773	27
774	28
775	27
776	30
777	37
778	37
779	41
780	31
781	35
782	35
783	23
784	32
785	22
786	30
787	32
788	25
789	37
790	34
791	37
792	22
793	32
794	24
795	19
796	24
797	20
798	31
799	22
800	27
801	30
802	32
803	16
804	37
805	32
806	37
807	31
808	24
809	33
810	37
811	27
812	27
813	18
814	18
815	28
816	29
817	27
818	25
819	27
820	37
821	32
822	26
823	34
824	23
825	22
826	29
827	33
828	22
829	36
830	19
831	31
832	43
833	33
834	28
835	41
836	28
837	35
838	29
839	29
840	37
841	40
842	22
843	40
844	25
845	30
846	25
847	22
848	23
849	27
850	17
851	30
852	31
853	28
854	30
855	21
856	20
857	29
858	30
859	29
860	23
861	22
862	30
863	27
864	21
865	26
866	38
867	36
868	21
869	28
870	17
871	21
872	32
873	25
874	30
875	25
876	24
877	21
878	19
879	30
880	30
881	33
882	20
883	26
884	29
885	29
886	29
887	18
888	20
889	26
890	19
891	22
892	27
893	17
894	29
895	24
896	26
897	22
898	22
899	24
900	26
901	22
902	30
903	28
904	26
905	17
906	29
907	25
908	22
909	27
910	31
911	30
912	21
913	26
914	21
915	26
916	22
917	19
918	21
919	16
920	16
921	22
922	17
923	28
924	24
925	28
926	24
927	28
928	33
929	26
930	30
931	26
932	19
933	14
934	32
935	26
936	29
937	20
938	23
939	23
940	19
941	11
942	17
943	27
944	22
945	25
946	24
947	16
948	26
949	17
950	15
951	22
952	23
953	20
954	24
955	22
956	24
957	25
958	27
959	28
960	18
961	31
962	26
963	17
964	18
965	19
966	28
967	24
968	17
969	15
970	18
971	22
972	16
973	25
974	16
975	14
976	9
977	30
978	10
979	22
980	21
981	19
982	15
983	26
984	13
985	25
986	17
987	15
988	22
989	15
990	18
991	13
992	17
993	20
994	19
995	22
996	12
997	17
998	13
999	12
1000	24
1001	18
1002	26
1003	22
1004	20
1005	18
1006	16
1007	21
1008	12
1009	24
1010	16
1011	13
1012	16
1013	18
1014	31
1015	13
1016	25
1017	19
1018	19
1019	10
1020	19
1021	22
1022	15
1023	12
1024	18
1025	18
1026	16
1027	17
1028	23
1029	15
1030	9
1031	21
1032	18
1033	13
1034	16
1035	23
1036	20
1037	10
1038	13
1039	18
1040	14
1041	17
1042	13
1043	22
1044	22
1045	21
1046	15
1047	11
1048	9
1049	18
1050	19
1051	15
1052	17
1053	14
1054	17
1055	15
1056	22
1057	17
1058	15
1059	13
1060	16
1061	21
1062	20
1063	15
1064	22
1065	23
1066	15
1067	22
1068	14
1069	15
1070	23
1071	15
1072	18
1073	20
1074	19
1075	16
1076	20
1077	24
1078	17
1079	17
1080	21
1081	14
1082	9
1083	14
1084	14
1085	14
1086	6
1087	19
1088	23
1089	16
1090	27
1091	12
1092	13
1093	6
1094	19
1095	16
1096	11
1097	11
1098	14
1099	13
1100	23
1101	11
1102	20
1103	16
1104	14
1105	8
1106	19
1107	14
1108	11
1109	17
1110	12
1111	14
1112	19
1113	11
1114	22
1115	13
1116	13
1117	9
1118	21
1119	14
1120	10
1121	18
1122	12
1123	10
1124	12
1125	13
1126	18
1127	9
1128	13
1129	20
1130	12
1131	15
1132	18
1133	9
1134	16
1135	10
1136	9
1137	13
1138	15
1139	17
1140	12
1141	8
1142	20
1143	12
1144	14
1145	12
1146	14
1147	14
1148	6
1149	15
1150	13
1151	13
1152	16
1153	10
1154	16
1155	14
1156	13
1157	9
1158	14
1159	13
1160	15
1161	11
1162	10
1163	13
1164	11
1165	19
1166	11
1167	12
1168	14
1169	18
1170	10
1171	13
1172	11
1173	11
1174	13
1175	16
1176	12
1177	15
1178	14
1179	13
1180	15
1181	14
1182	12
1183	11
1184	9
1185	10
1186	5
1187	9
1188	11
1189	11
1190	18
1191	9
1192	8
1193	12
1194	12
1195	14
1196	10
1197	10
1198	10
1199	13
1200	9
1201	12
1202	17
1203	13
1204	16
1205	14
1206	11
1207	19
1208	6
1209	10
1210	12
1211	16
1212	14
1213	11
1214	12
1215	11
1216	11
1217	14
1218	10
1219	13
1220	12
1221	9
1222	10
1223	13
1224	12
1225	4
1226	11
1227	9
1228	10
1229	7
1230	14
1231	14
1232	8
1233	7
1234	16
1235	15
1236	3
1237	9
1238	8
1239	6
1240	12
1241	18
1242	12
1243	6
1244	20
1245	12
1246	9
1247	13
1248	9
1249	10
1250	7
1251	9
1252	11
1253	9
1254	8
1255	11
1256	18
1257	9
1258	12
1259	7
1260	7
1261	12
1262	16
1263	13
1264	11
1265	9
1266	10
1267	14
1268	7
1269	12
1270	8
1271	12
1272	13
1273	5
1274	17
1275	10
1276	8
1277	7
1278	12
1279	11
1280	7
1281	14
1282	7
1283	10
1284	9
1285	9
1286	11
1287	11
1288	14
1289	9
1290	12
1291	8
1292	9
1293	10
1294	7
1295	6
1296	7
1297	11
1298	10
1299	7
1300	12
1301	12
1302	10
1303	7
1304	9
1305	12
1306	11
1307	7
1308	8
1309	10
1310	14
1311	11
1312	8
1313	7
1314	11
1315	16
1316	6
1317	9
1318	9
1319	7
1320	10
1321	12
1322	9
1323	10
1324	8
1325	4
1326	10
1327	11
1328	6
1329	7
1330	9
1331	12
1332	9
1333	11
1334	12
1335	10
1336	7
1337	10
1338	9
1339	9
1340	9
1341	10
1342	8
1343	7
1344	2
1345	7
1346	7
1347	3
1348	7
1349	16
1350	6
1351	10
1352	11
1353	12
1354	9
1355	7
1356	9
1357	6
1358	18
1359	9
1360	10
1361	6
1362	10
1363	9
1364	14
1365	11
1366	3
1367	10
1368	15
1369	10
1370	8
1371	10
1372	7
1373	7
1374	8
1375	13
1376	10
1377	5
1378	12
1379	11
1380	3
1381	9
1382	9
1383	6
1384	7
1385	9
1386	7
1387	8
1388	4
1389	9
1390	9
1391	7
1392	6
1393	10
1394	12
1395	13
1396	13
1397	10
1398	18
1399	11
1400	12
1401	3
1402	8
1403	13
1404	10
1405	4
1406	11
1407	5
1408	11
1409	10
1410	10
1411	7
1412	15
1413	11
1414	7
1415	7
1416	15
1417	14
1418	8
1419	8
1420	11
1421	13
1422	13
1423	7
1424	13
1425	11
1426	10
1427	11
1428	9
1429	14
1430	4
1431	16
1432	5
1433	5
1434	10
1435	10
1436	12
1437	7
1438	9
1439	7
1440	9
1441	7
1442	8
1443	16
1444	9
1445	8
1446	17
1447	9
1448	9
1449	5
1450	10
1451	6
1452	8
1453	5
1454	11
1455	7
1456	5
1457	11
1458	3
1459	8
1460	9
1461	12
1462	3
1463	8
1464	7
1465	10
1466	10
1467	10
1468	9
1469	5
1470	3
1471	8
1472	11
1473	6
1474	7
1475	7
1476	6
1477	7
1478	8
1479	7
1480	11
1481	7
1482	7
1483	6
1484	8
1485	6
1486	9
1487	6
1488	6
1489	6
1490	8
1491	10
1492	7
1493	6
1494	7
1495	6
1496	7
1497	14
1498	8
1499	8
1500	5
1501	3
1502	3
1503	5
1504	9
1505	7
1506	7
1507	2
1508	6
1509	9
1510	4
1511	10
1512	6
1513	6
1514	11
1515	1
1516	7
1517	6
1518	5
1519	13
1520	5
1521	9
1522	5
1523	6
1524	6
1525	8
1526	12
1527	3
1528	8
1529	7
1530	6
1531	4
1532	9
1533	5
1534	5
1535	7
1536	7
1537	9
1538	9
1539	5
1540	5
1541	4
1542	8
1543	5
1544	6
1545	11
1546	7
1547	7
1548	5
1549	5
1550	8
1551	4
1552	3
1553	7
1554	4
1555	7
1556	6
1557	8
1558	4
1559	5
1560	6
1561	4
1562	3
1563	4
1564	3
1565	6
1566	10
1567	6
1568	10
1569	9
1570	6
1571	10
1572	7
1573	4
1574	6
1575	10
1576	12
1577	13
1578	7
1579	7
1580	12
1581	3
1582	5
1583	6
1584	11
1585	8
1586	8
1587	2
1588	8
1589	5
1590	4
1591	3
1592	5
1593	4
1594	5
1595	5
1596	6
1597	7
1598	6
1599	10
1600	2
1601	5
1602	8
1603	5
1604	5
1605	6
1606	6
1607	6
1608	11
1609	10
1610	8
1611	10
1612	6
1613	6
1614	4
1615	4
1616	5
1617	8
1618	4
1619	6
1620	5
1621	3
1622	8
1623	8
1624	3
1625	8
1626	3
1627	2
1628	9
1629	6
1630	5
1631	7
1632	3
1633	5
1634	5
1635	6
1636	6
1637	8
1638	7
1639	4
1640	8
1641	11
1642	5
1643	9
1644	7
1645	5
1646	1
1647	2
1648	4
1649	2
1650	5
1651	10
1652	7
1653	7
1654	2
1655	3
1656	5
1657	6
1658	9
1659	5
1660	9
1661	6
1662	11
1663	5
1664	6
1665	5
1666	5
1667	5
1668	6
1669	2
1670	5
1671	7
1672	6
1673	3
1674	7
1675	6
1676	10
1677	3
1678	7
1679	5
1680	6
1681	6
1682	4
1683	4
1684	4
1685	7
1686	8
1687	6
1688	4
1689	7
1690	3
1691	2
1692	7
1693	8
1694	2
1695	5
1696	4
1697	9
1698	3
1699	5
1700	3
1701	3
1702	3
1703	8
1704	7
1705	6
1706	4
1707	3
1708	3
1709	6
1710	7
1711	5
1712	6
1713	13
1714	6
1715	4
1716	1
1717	7
1718	5
1719	9
1720	3
1721	6
1722	5
1723	5
1724	2
1725	7
1726	2
1727	4
1728	7
1729	3
1730	5
1731	7
1732	6
1733	6
1734	6
1735	7
1736	4
1737	7
1738	5
1739	5
1740	5
1741	6
1742	3
1743	6
1744	8
1745	7
1746	1
1747	2
1748	4
1749	2
1750	7
1751	1
1752	6
1753	6
1754	3
1755	4
1756	6
1757	5
1758	6
1759	7
1760	3
1761	7
1762	7
1763	3
1764	8
1765	5
1766	6
1767	4
1768	8
1769	7
1770	6
1771	3
1772	6
1773	4
1774	8
1775	6
1776	3
1777	4
1778	4
1779	2
1780	6
1781	5
1782	10
1783	4
1784	6
1785	7
1786	8
1787	4
1788	14
1789	1
1790	8
1791	3
1792	2
1793	3
1794	4
1795	6
1796	4
1797	8
1798	5
1799	7
1800	8
1801	2
1802	7
1803	5
1804	5
1805	7
1806	9
1807	2
1808	1
1809	5
1810	2
1811	7
1812	4
1813	3
1814	6
1815	3
1816	2
1817	5
1818	3
1819	5
1820	2
1821	5
1822	7
1823	4
1824	3
1825	5
1826	6
1827	10
1828	3
1829	3
1830	2
1831	4
1832	3
1833	2
1834	3
1835	8
1836	6
1837	4
1838	4
1839	3
1840	6
1841	7
1842	3
1843	1
1844	4
1845	2
1846	7
1847	6
1848	6
1849	3
1850	2
1851	2
1852	8
1853	4
1854	5
1855	4
1856	3
1857	2
1858	3
1859	1
1860	4
1861	3
1862	6
1863	4
1864	3
1865	1
1866	4
1867	4
1868	4
1869	3
1870	4
1871	2
1872	2
1873	4
1874	10
1875	4
1876	3
1877	3
1878	6
1879	5
1880	4
1881	2
1882	6
1883	1
1884	2
1885	1
1886	4
1887	1
1888	5
1889	5
1890	9
1891	3
1892	4
1893	4
1894	4
1895	4
1896	2
1897	4
1898	3
1899	3
1900	5
1901	4
1902	4
1903	5
1904	8
1905	6
1906	5
1907	2
1908	2
1909	3
1910	2
1911	2
1912	2
1913	2
1914	2
1915	6
1916	7
1917	1
1918	4
1919	2
1920	4
1921	4
1922	5
1923	1
1924	3
1925	8
1926	4
1927	1
1928	3
1929	5
1930	7
1931	6
1932	6
1933	4
1934	2
1935	3
1936	7
1937	4
1938	2
1939	4
1940	4
1941	4
1942	2
1943	3
1944	7
1945	4
1946	7
1947	4
1948	3
1949	3
1950	3
1951	3
1952	5
1953	5
1954	2
1955	4
1956	5
1957	6
1958	5
1959	5
1960	3
1961	4
1962	5
1963	2
1964	3
1965	0
1966	3
1967	7
1968	4
1969	3
1970	1
1971	5
1972	4
1973	3
1974	4
1975	8
1976	8
1977	2
1978	0
1979	6
1980	1
1981	1
1982	2
1983	2
1984	4
1985	2
1986	3
1987	3
1988	3
1989	1
1990	8
1991	2
1992	4
1993	3
1994	6
1995	6
1996	9
1997	2
1998	5
1999	5
2000	5
2001	1
2002	3
2003	2
2004	1
2005	2
2006	6
2007	5
2008	6
2009	2
2010	3
2011	4
2012	3
2013	3
2014	2
2015	3
2016	3
2017	3
2018	3
2019	5
2020	6
2021	2
2022	4
2023	6
2024	2
2025	4
2026	0
2027	3
2028	5
2029	2
2030	2
2031	3
2032	3
2033	1
2034	2
2035	1
2036	3
2037	3
2038	2
2039	4
2040	3
2041	4
2042	2
2043	1
2044	1
2045	4
2046	2
2047	4
2048	4
2049	3
2050	3
2051	4
2052	2
2053	2
2054	6
2055	1
2056	1
2057	1
2058	4
2059	1
2060	3
2061	3
2062	4
2063	4
2064	1
2065	4
2066	0
2067	3
2068	5
2069	1
2070	4
2071	1
2072	1
2073	4
2074	2
2075	5
2076	5
2077	3
2078	3
2079	1
2080	2
2081	1
2082	2
2083	3
2084	4
2085	3
2086	1
2087	5
2088	2
2089	4
2090	1
2091	2
2092	3
2093	1
2094	1
2095	5
2096	5
2097	2
2098	2
2099	2
2100	2
2101	3
2102	1
2103	0
2104	3
2105	2
2106	4
2107	2
2108	2
2109	5
2110	4
2111	4
2112	1
2113	5
2114	4
2115	1
2116	1
2117	2
2118	1
2119	5
2120	1
2121	3
2122	1
2123	3
2124	2
2125	2
2126	4
2127	0
2128	2
2129	1
2130	1
2131	0
2132	3
2133	2
2134	0
2135	2
2136	2
2137	2
2138	2
2139	5
2140	1
2141	0
2142	3
2143	0
2144	4
2145	0
2146	5
2147	4
2148	4
2149	1
2150	3
2151	0
2152	3
2153	0
2154	2
2155	2
2156	1
2157	1
2158	2
2159	2
2160	3
2161	6
2162	2
2163	2
2164	0
2165	1
2166	2
2167	1
2168	3
2169	2
2170	2
2171	2
2172	2
2173	1
2174	0
2175	2
2176	1
2177	2
2178	1
2179	1
2180	4
2181	1
2182	2
2183	3
2184	4
2185	1
2186	1
2187	0
2188	3
2189	1
2190	1
2191	6
2192	1
2193	1
2194	0
2195	3
2196	3
2197	2
2198	3
2199	5
2200	1
2201	1
2202	4
2203	1
2204	3
2205	1
2206	2
2207	0
2208	2
2209	6
2210	2
2211	1
2212	2
2213	1
2214	1
2215	3
2216	1
2217	1
2218	0
2219	1
2220	1
2221	2
2222	0
2223	2
2224	2
2225	0
2226	2
2227	0
2228	4
2229	0
2230	1
2231	2
2232	4
2233	2
2234	1
2235	1
2236	2
2237	4
2238	0
2239	2
2240	1
2241	0
2242	3
2243	2
2244	1
2245	0
2246	1
2247	3
2248	2
2249	0
2250	2
2251	1
2252	2
2253	3
2254	2
2255	1
2256	4
2257	1
2258	4
2259	0
2260	1
2261	1
2262	1
2263	3
2264	0
2265	2
2266	2
2267	1
2268	3
2269	1
2270	3
2271	1
2272	5
2273	0
2274	3
2275	3
2276	5
2277	3
2278	2
2279	3
2280	2
2281	2
2282	2
2283	3
2284	1
2285	4
2286	0
2287	1
2288	1
2289	1
2290	3
2291	4
2292	1
2293	1
2294	1
2295	1
2296	3
2297	0
2298	3
2299	5
2300	3
2301	1
2302	3
2303	1
2304	4
2305	1
2306	1
2307	1
2308	2
2309	2
2310	1
2311	1
2312	0
2313	0
2314	5
2315	3
2316	0
2317	1
2318	1
2319	1
2320	1
2321	0
2322	4
2323	3
2324	6
2325	3
2326	2
2327	3
2328	1
2329	2
2330	2
2331	3
2332	4
2333	2
2334	2
2335	1
2336	2
2337	0
2338	2
2339	2
2340	2
2341	1
2342	0
2343	1
2344	3
2345	2
2346	0
2347	2
2348	2
2349	2
2350	5
2351	1
2352	2
2353	1
2354	2
2355	1
2356	2
2357	4
2358	0
2359	1
2360	1
2361	2
2362	2
2363	1
2364	3
2365	1
2366	3
2367	1
2368	0
2369	1
2370	3
2371	1
2372	1
2373	5
2374	1
2375	3
2376	1
2377	0
2378	3
2379	0
2380	1
2381	2
2382	0
2383	3
2384	1
2385	2
2386	0
2387	2
2388	2
2389	3
2390	0
2391	1
2392	1
2393	1
2394	4
2395	3
2396	2
2397	0
2398	4
2399	2
2400	2
2401	3
2402	3
2403	1
2404	2
2405	1
2406	5
2407	2
2408	1
2409	2
2410	2
2411	1
2412	1
2413	1
2414	3
2415	0
2416	1
2417	1
2418	1
2419	0
2420	2
2421	2
2422	0
2423	4
2424	2
2425	1
2426	3
2427	0
2428	3
2429	1
2430	2
2431	0
2432	1
2433	1
2434	1
2435	2
2436	0
2437	2
2438	0
2439	2
2440	5
2441	0
2442	2
2443	1
2444	3
2445	1
2446	7
2447	1
2448	0
2449	1
2450	0
2451	1
2452	0
2453	2
2454	2
2455	1
2456	5
2457	2
2458	1
2459	2
2460	3
2461	1
2462	2
2463	5
2464	0
2465	2
2466	1
2467	1
2468	2
2469	0
2470	1
2471	3
2472	3
2473	1
2474	0
2475	0
2476	2
2477	3
2478	0
2479	2
2480	0
2481	2
2482	2
2483	1
2484	1
2485	0
2486	2
2487	1
2488	1
2489	1
2490	0
2491	1
2492	0
2493	2
2494	0
2495	3
2496	2
2497	0
2498	1
2499	1
2500	2
2501	3
2502	0
2503	1
2504	1
2505	2
2506	2
2507	0
2508	1
2509	0
2510	3
2511	1
2512	3
2513	3
2514	1
2515	1
2516	2
2517	4
2518	4
2519	1
2520	1
2521	1
2522	3
2523	2
2524	0
2525	3
2526	0
2527	2
2528	4
2529	1
2530	1
2531	1
2532	2
2533	1
2534	1
2535	1
2536	1
2537	1
2538	2
2539	1
2540	0
2541	1
2542	0
2543	1
2544	1
2545	0
2546	0
2547	5
2548	0
2549	1
2550	0
2551	1
2552	1
2553	3
2554	0
2555	0
2556	0
2557	2
2558	0
2559	0
2560	2
2561	0
2562	1
2563	3
2564	1
2565	0
2566	1
2567	0
2568	3
2569	1
2570	3
2571	6
2572	1
2573	1
2574	3
2575	0
2576	4
2577	0
2578	0
2579	0
2580	2
2581	3
2582	2
2583	2
2584	2
2585	0
2586	1
2587	2
2588	2
2589	0
2590	1
2591	1
2592	0
2593	1
2594	0
2595	0
2596	2
2597	0
2598	1
2599	1
2600	0
2601	2
2602	0
2603	2
2604	1
2605	3
2606	1
2607	1
2608	1
2609	1
2610	2
2611	1
2612	1
2613	1
2614	1
2615	1
2616	1
2617	1
2618	0
2619	0
2620	3
2621	2
2622	1
2623	1
2624	2
2625	1
2626	2
2627	3
2628	1
2629	3
2630	1
2631	2
2632	2
2633	0
2634	0
2635	1
2636	1
2637	0
2638	2
2639	1
2640	0
2641	1
2642	0
2643	2
2644	1
2645	1
2646	1
2647	1
2648	4
2649	1
2650	1
2651	2
2652	1
2653	2
2654	2
2655	1
2656	0
2657	2
2658	0
2659	3
2660	2
2661	2
2662	0
2663	0
2664	1
2665	1
2666	1
2667	1
2668	1
2669	1
2670	0
2671	6
2672	0
2673	0
2674	0
2675	0
2676	1
2677	1
2678	0
2679	1
2680	2
2681	0
2682	1
2683	1
2684	0
2685	2
2686	3
2687	1
2688	0
2689	4
2690	2
2691	1
2692	1
2693	0
2694	1
2695	4
2696	0
2697	3
2698	0
2699	0
2700	1
2701	0
2702	0
2703	1
2704	0
2705	0
2706	0
2707	0
2708	0
2709	1
2710	1
2711	1
2712	3
2713	0
2714	1
2715	2
2716	1
2717	2
2718	2
2719	1
2720	0
2721	1
2722	1
2723	1
2724	4
2725	4
2726	1
2727	3
2728	2
2729	4
2730	0
2731	1
2732	1
2733	2
2734	1
2735	1
2736	2
2737	1
2738	0
2739	1
2740	3
2741	4
2742	2
2743	1
2744	3
2745	0
2746	0
2747	3
2748	0
2749	2
2750	0
2751	0
2752	1
2753	1
2754	2
2755	1
2756	0
2757	0
2758	1
2759	3
2760	0
2761	0
2762	0
2763	0
2764	2
2765	2
2766	0
2767	1
2768	2
2769	2
2770	4
2771	1
2772	1
2773	2
2774	1
2775	0
2776	1
2777	2
2778	0
2779	1
2780	4
2781	2
2782	0
2783	0
2784	2
2785	1
2786	1
2787	2
2788	0
2789	1
2790	0
2791	0
2792	0
2793	2
2794	0
2795	0
2796	1
2797	1
2798	5
2799	0
2800	0
2801	2
2802	0
2803	0
2804	2
2805	1
2806	0
2807	0
2808	1
2809	1
2810	0
2811	1
2812	2
2813	1
2814	1
2815	3
2816	1
2817	1
2818	1
2819	0
2820	0
2821	0
2822	2
2823	2
2824	0
2825	2
2826	1
2827	1
2828	1
2829	0
2830	0
2831	1
2832	1
2833	1
2834	0
2835	0
2836	1
2837	0
2838	2
2839	0
2840	0
2841	0
2842	1
2843	0
2844	0
2845	0
2846	0
2847	2
2848	1
2849	1
2850	0
2851	2
2852	1
2853	1
2854	0
2855	1
2856	3
2857	0
2858	2
2859	1
2860	1
2861	2
2862	0
2863	1
2864	1
2865	1
2866	1
2867	0
2868	1
2869	1
2870	1
2871	1
2872	1
2873	0
2874	3
2875	2
2876	1
2877	2
2878	2
2879	0
2880	1
2881	0
2882	1
2883	1
2884	3
2885	0
2886	0
2887	0
2888	1
2889	1
2890	1
2891	0
2892	1
2893	0
2894	1
2895	0
2896	3
2897	2
2898	0
2899	0
2900	0
2901	0
2902	0
2903	0
2904	1
2905	0
2906	1
2907	1
2908	0
2909	1
2910	2
2911	1
2912	1
2913	1
2914	0
2915	3
2916	0
2917	0
2918	0
2919	0
2920	1
2921	0
2922	0
2923	0
2924	1
2925	0
2926	0
2927	1
2928	1
2929	0
2930	0
2931	1
2932	1
2933	1
2934	0
2935	1
2936	1
2937	0
2938	0
2939	1
2940	2
2941	0
2942	0
2943	0
2944	0
2945	1
2946	0
2947	1
2948	0
2949	0
2950	0
2951	0
2952	0
2953	3
2954	1
2955	1
2956	0
2957	2
2958	0
2959	0
2960	0
2961	0
2962	2
2963	0
2964	0
2965	0
2966	0
2967	1
2968	2
2969	0
2970	1
2971	2
2972	1
2973	1
2974	0
2975	1
2976	1
2977	0
2978	0
2979	2
2980	0
2981	1
2982	0
2983	1
2984	0
2985	1
2986	1
2987	1
2988	0
2989	0
2990	0
2991	2
2992	1
2993	1
2994	1
2995	0
2996	2
2997	1
2998	4
2999	3
3000	1
3001	3
3002	2
3003	1
3004	1
3005	1
3006	1
3007	0
3008	2
3009	0
3010	3
3011	0
3012	0
3013	1
3014	0
3015	1
3016	0
3017	0
3018	1
3019	0
3020	2
3021	0
3022	1
3023	0
3024	0
3025	1
3026	0
3027	1
3028	1
3029	1
3030	0
3031	2
3032	1
3033	0
3034	2
3035	1
3036	0
3037	1
3038	0
3039	1
3040	0
3041	1
3042	1
3043	0
3044	1
3045	0
3046	1
3047	0
3048	0
3049	0
3050	0
3051	0
3052	0
3053	0
3054	1
3055	0
3056	1
3057	1
3058	0
3059	0
3060	0
3061	1
3062	0
3063	0
3064	1
3065	1
3066	1
3067	1
3068	1
3069	0
3070	1
3071	1
3072	0
3073	1
3074	2
3075	0
3076	0
3077	0
3078	0
3079	1
3080	1
3081	1
3082	0
3083	1
3084	0
3085	0
3086	0
3087	0
3088	1
3089	0
3090	0
3091	0
3092	1
3093	0
3094	0
3095	1
3096	0
3097	2
3098	0
3099	2
3100	0
3101	0
3102	2
3103	1
3104	1
3105	0
3106	0
3107	1
3108	0
3109	0
3110	0
3111	1
3112	0
3113	0
3114	0
3115	1
3116	0
3117	0
3118	0
3119	0
3120	0
3121	1
3122	0
3123	0
3124	1
3125	1
3126	0
3127	2
3128	0
3129	0
3130	0
3131	0
3132	0
3133	1
3134	0
3135	0
3136	1
3137	1
3138	2
3139	1
3140	0
3141	0
3142	0
3143	1
3144	1
3145	0
3146	2
3147	1
3148	1
3149	0
3150	0
3151	0
3152	1
3153	0
3154	2
3155	1
3156	1
3157	2
3158	2
3159	1
3160	0
3161	0
3162	0
3163	2
3164	0
3165	0
3166	0
3167	2
3168	0
3169	0
3170	0
3171	0
3172	0
3173	1
3174	1
3175	2
3176	0
3177	0
3178	0
3179	1
3180	0
3181	2
3182	0
3183	1
3184	0
3185	0
3186	2
3187	1
3188	1
3189	0
3190	0
3191	1
3192	2
3193	0
3194	0
3195	0
3196	0
3197	0
3198	3
3199	1
3200	1
3201	2
3202	1
3203	0
3204	0
3205	1
3206	1
3207	1
3208	1
3209	0
3210	0
3211	0
3212	0
3213	0
3214	0
3215	1
3216	0
3217	0
3218	1
3219	0
3220	0
3221	1
3222	1
3223	0
3224	0
3225	1
3226	0
3227	0
3228	1
3229	0
3230	0
3231	1
3232	1
3233	1
3234	0
3235	0
3236	1
3237	0
3238	0
3239	0
3240	0
3241	1
3242	1
3243	0
3244	0
3245	0
3246	0
3247	0
3248	0
3249	0
3250	0
3251	0
3252	0
3253	0
3254	0
3255	0
3256	0
3257	0
3258	0
3259	1
3260	1
3261	1
3262	1
3263	0
3264	0
3265	1
3266	0
3267	0
3268	1
3269	0
3270	1
3271	1
3272	0
3273	0
3274	0
3275	0
3276	0
3277	0
3278	0
3279	0
3280	2
3281	0
3282	2
3283	0
3284	1
3285	2
3286	0
3287	0
3288	0
3289	0
3290	0
3291	0
3292	0
3293	0
3294	0
3295	0
3296	1
3297	0
3298	0
3299	0
3300	0
3301	2
3302	0
3303	1
3304	0
3305	0
3306	0
3307	0
3308	0
3309	0
3310	1
3311	0
3312	0
3313	0
3314	0
3315	0
3316	0
3317	2
3318	0
3319	0
3320	0
3321	0
3322	0
3323	0
3324	0
3325	0
3326	0
3327	0
3328	1
3329	2
3330	0
3331	1
3332	0
3333	0
3334	0
3335	0
3336	0
3337	1
3338	0
3339	0
3340	0
3341	0
3342	0
3343	0
3344	0
3345	0
3346	0
3347	0
3348	0
3349	0
3350	1
3351	0
3352	1
3353	0
3354	1
3355	1
3356	0
3357	0
3358	0
3359	0
3360	1
3361	0
3362	2
3363	0
3364	1
3365	1
3366	0
3367	0
3368	0
3369	1
3370	1
3371	1
3372	0
3373	1
3374	1
3375	0
3376	1
3377	0
3378	0
3379	0
3380	0
3381	1
3382	0
3383	0
3384	2
3385	1
3386	0
3387	0
3388	0
3389	0
3390	0
3391	0
3392	0
3393	1
3394	0
3395	0
3396	0
3397	0
3398	0
3399	0
3400	0
3401	0
3402	0
3403	0
3404	0
3405	0
3406	0
3407	0
3408	0
3409	0
3410	0
3411	0
3412	0
3413	0
3414	1
3415	0
3416	0
3417	0
3418	0
3419	0
3420	0
3421	0
3422	0
3423	0
3424	1
3425	0
3426	0
3427	0
3428	0
3429	0
3430	0
3431	1
3432	0
3433	0
3434	0
3435	1
3436	0
3437	1
3438	3
3439	0
3440	0
3441	0
3442	0
3443	1
3444	0
3445	0
3446	1
3447	0
3448	0
3449	1
3450	0
3451	0
3452	0
3453	0
3454	0
3455	2
3456	2
3457	2
3458	1
3459	1
3460	0
3461	1
3462	2
3463	1
3464	0
3465	0
3466	0
3467	0
3468	0
3469	0
3470	0
3471	0
3472	0
3473	0
3474	0
3475	0
3476	0
3477	0
3478	0
3479	3
3480	1
3481	0
3482	0
3483	1
3484	0
3485	0
3486	0
3487	0
3488	0
3489	0
3490	0
3491	1
3492	0
3493	0
3494	1
3495	0
3496	0
3497	0
3498	0
3499	0
3500	0
3501	0
3502	0
3503	0
3504	0
3505	0
3506	0
3507	0
3508	1
3509	0
3510	0
3511	0
3512	0
3513	0
3514	0
3515	0
3516	0
3517	0
3518	0
3519	1
3520	1
3521	0
3522	0
3523	0
3524	1
3525	0
3526	0
3527	0
3528	1
3529	0
3530	0
3531	0
3532	1
3533	0
3534	2
3535	0
3536	0
3537	0
3538	0
3539	1
3540	0
3541	0
3542	1
3543	0
3544	1
3545	0
3546	0
3547	0
3548	0
3549	0
3550	0
3551	0
3552	0
3553	0
3554	0
3555	0
3556	0
3557	1
3558	0
3559	0
3560	0
3561	0
3562	0
3563	0
3564	0
3565	0
3566	0
3567	0
3568	0
3569	0
3570	0
3571	0
3572	0
3573	0
3574	0
3575	0
3576	0
3577	1
3578	0
3579	0
3580	0
3581	0
3582	1
3583	0
3584	0
3585	1
3586	0
3587	0
3588	0
3589	0
3590	0
3591	0
3592	0
3593	0
3594	1
3595	1
3596	1
3597	0
3598	0
3599	0
3600	0
3601	0
3602	1
3603	1
3604	0
3605	0
3606	0
3607	0
3608	0
3609	0
3610	0
3611	0
3612	0
3613	0
3614	2
3615	0
3616	0
3617	1
3618	1
3619	1
3620	0
3621	0
3622	0
3623	0
3624	1
3625	0
3626	0
3627	0
3628	0
3629	0
3630	0
3631	0
3632	0
3633	0
3634	1
3635	1
3636	1
3637	0
3638	0
3639	0
3640	0
3641	0
3642	0
3643	0
3644	0
3645	0
3646	1
3647	0
3648	0
3649	0
3650	0
3651	0
3652	0
3653	0
3654	0
3655	0
3656	0
3657	0
3658	0
3659	0
3660	0
3661	0
3662	0
3663	0
3664	0
3665	0
3666	0
3667	0
3668	0
3669	0
3670	0
3671	0
3672	0
3673	1
3674	0
3675	0
3676	0
3677	0
3678	0
3679	0
3680	0
3681	0
3682	0
3683	0
3684	2
3685	0
3686	1
3687	0
3688	0
3689	0
3690	0
3691	0
3692	0
3693	1
3694	0
3695	0
3696	0
3697	1
3698	0
3699	0
3700	0
3701	0
3702	0
3703	0
3704	0
3705	0
3706	0
3707	0
3708	0
3709	1
3710	0
3711	0
3712	0
3713	2
3714	0
3715	0
3716	0
3717	0
3718	0
3719	0
3720	0
3721	0
3722	0
3723	0
3724	0
3725	0
3726	1
3727	0
3728	1
3729	1
3730	0
3731	0
3732	0
3733	0
3734	0
3735	0
3736	0
3737	0
3738	0
3739	0
3740	0
3741	0
3742	0
3743	0
3744	0
3745	0
3746	0
3747	1
3748	0
3749	0
3750	0
3751	0
3752	0
3753	0
3754	0
3755	0
3756	0
3757	0
3758	0
3759	0
3760	0
3761	0
3762	0
3763	0
3764	0
3765	0
3766	0
3767	0
3768	0
3769	1
3770	0
3771	0
3772	0
3773	0
3774	0
3775	0
3776	0
3777	0
3778	0
3779	0
3780	1
3781	0
3782	0
3783	0
3784	0
3785	0
3786	0
3787	0
3788	0
3789	0
3790	1
3791	1
3792	0
3793	0
3794	0
3795	0
3796	0
3797	0
3798	0
3799	0
3800	0
3801	0
3802	0
3803	0
3804	1
3805	0
3806	0
3807	1
3808	1
3809	0
3810	0
3811	0
3812	0
3813	0
3814	1
3815	0
3816	0
3817	0
3818	1
3819	0
3820	0
3821	0
3822	1
3823	0
3824	1
3825	0
3826	0
3827	0
3828	0
3829	0
3830	0
3831	0
3832	0
3833	1
3834	0
3835	1
3836	1
3837	2
3838	0
3839	0
3840	0
3841	0
3842	0
3843	0
3844	0
3845	1
3846	1
3847	0
3848	0
3849	1
3850	1
3851	0
3852	0
3853	0
3854	0
3855	0
3856	0
3857	0
3858	0
3859	0
3860	0
3861	0
3862	0
3863	0
3864	1
3865	0
3866	1
3867	0
3868	0
3869	1
3870	0
3871	0
3872	0
3873	0
3874	0
3875	0
3876	0
3877	1
3878	0
3879	0
3880	0
3881	0
3882	0
3883	0
3884	0
3885	0
3886	1
3887	1
3888	1
3889	1
3890	1
3891	0
3892	0
3893	2
3894	0
3895	0
3896	0
3897	0
3898	0
3899	0
3900	0
3901	0
3902	0
3903	1
3904	0
3905	0
3906	1
3907	0
3908	0
3909	0
3910	0
3911	0
3912	0
3913	0
3914	0
3915	0
3916	0
3917	0
3918	0
3919	0
3920	0
3921	0
3922	0
3923	0
3924	0
3925	0
3926	1
3927	0
3928	0
3929	0
3930	0
3931	0
3932	0
3933	1
3934	0
3935	0
3936	1
3937	0
3938	0
3939	0
3940	0
3941	1
3942	0
3943	1
3944	0
3945	2
3946	0
3947	0
3948	0
3949	0
3950	1
3951	0
3952	1
3953	0
3954	0
3955	0
3956	0
3957	0
3958	0
3959	0
3960	0
3961	1
3962	0
3963	0
3964	0
3965	1
3966	0
3967	1
3968	0
3969	0
3970	1
3971	0
3972	0
3973	0
3974	0
3975	0
3976	0
3977	0
3978	0
3979	0
3980	0
3981	0
3982	0
3983	0
3984	0
3985	0
3986	0
3987	0
3988	0
3989	0
3990	0
3991	0
3992	0
3993	0
3994	0
3995	0
3996	0
3997	0
3998	0
3999	0
4000	0
4001	0
4002	0
4003	0
4004	0
4005	0
4006	0
4007	0
4008	0
4009	0
4010	0
4011	1
4012	0
4013	0
4014	0
4015	0
4016	0
4017	0
4018	1
4019	0
4020	1
4021	0
4022	0
4023	0
4024	0
4025	0
4026	0
4027	0
4028	0
4029	1
4030	0
4031	0
4032	0
4033	0
4034	0
4035	0
4036	0
4037	0
4038	0
4039	0
4040	0
4041	0
4042	0
4043	0
4044	2
4045	0
4046	0
4047	0
4048	0
4049	0
4050	0
4051	0
4052	0
4053	0
4054	0
4055	0
4056	0
4057	0
4058	0
4059	0
4060	0
4061	0
4062	0
4063	0
4064	0
4065	0
4066	0
4067	0
4068	0
4069	0
4070	0
4071	0
4072	0
4073	0
4074	0
4075	0
4076	0
4077	0
4078	0
4079	0
4080	0
4081	0
4082	0
4083	0
4084	0
4085	0
4086	0
4087	0
4088	0
4089	0
4090	0
4091	0
4092	1
4093	0
4094	0
4095	0
4096	0
4097	0
4098	0
4099	0
4100	0
4101	0
4102	0
4103	0
4104	0
4105	0
4106	0
4107	0
4108	1
4109	0
4110	0
4111	0
4112	0
4113	0
4114	0
4115	0
4116	0
4117	0
4118	0
4119	0
4120	0
4121	0
4122	0
4123	0
4124	0
4125	0
4126	0
4127	0
4128	0
4129	0
4130	0
4131	0
4132	0
4133	0
4134	0
4135	1
4136	0
4137	0
4138	0
4139	0
4140	0
4141	0
4142	0
4143	0
4144	0
4145	0
4146	0
4147	0
4148	0
4149	1
4150	0
4151	0
4152	0
4153	1
4154	0
4155	0
4156	0
4157	0
4158	0
4159	0
4160	0
4161	0
4162	1
4163	0
4164	1
4165	1
4166	1
4167	0
4168	0
4169	0
4170	0
4171	0
4172	0
4173	0
4174	0
4175	0
4176	0
4177	1
4178	0
4179	1
4180	0
4181	0
4182	0
4183	0
4184	0
4185	0
4186	0
4187	0
4188	0
4189	0
4190	0
4191	0
4192	0
4193	0
4194	0
4195	0
4196	0
4197	0
4198	0
4199	0
4200	0
4201	0
4202	0
4203	1
4204	0
4205	0
4206	0
4207	0
4208	0
4209	0
4210	0
4211	0
4212	0
4213	0
4214	0
4215	0
4216	0
4217	0
4218	0
4219	0
4220	0
4221	0
4222	0
4223	0
4224	0
4225	0
4226	0
4227	0
4228	1
4229	0
4230	0
4231	0
4232	0
4233	0
4234	0
4235	0
4236	0
4237	0
4238	0
4239	0
4240	0
4241	0
4242	0
4243	0
4244	0
4245	0
4246	0
4247	0
4248	0
4249	0
4250	0
4251	0
4252	0
4253	0
4254	0
4255	0
4256	0
4257	0
4258	0
4259	0
4260	0
4261	0
4262	0
4263	0
4264	0
4265	0
4266	0
4267	0
4268	0
4269	0
4270	0
4271	0
4272	0
4273	0
4274	0
4275	0
4276	0
4277	0
4278	0
4279	0
4280	1
4281	0
4282	0
4283	0
4284	0
4285	0
4286	0
4287	0
4288	0
4289	0
4290	0
4291	0
4292	0
4293	0
4294	0
4295	0
4296	0
4297	0
4298	0
4299	0
4300	0
4301	0
4302	0
4303	0
4304	0
4305	0
4306	0
4307	0
4308	0
4309	0
4310	0
4311	0
4312	0
4313	0
4314	0
4315	0
4316	0
4317	1
4318	0
4319	1
4320	1
4321	0
4322	0
4323	0
4324	1
4325	2
4326	0
4327	0
4328	0
4329	0
4330	0
4331	0
4332	0
4333	0
4334	2
4335	0
4336	0
4337	0
4338	0
4339	0
4340	0
4341	0
4342	0
4343	1
4344	0
4345	0
4346	0
4347	0
4348	0
4349	0
4350	0
4351	0
4352	0
4353	0
4354	0
4355	0
4356	0
4357	0
4358	0
4359	0
4360	0
4361	0
4362	0
4363	0
4364	0
4365	0
4366	0
4367	0
4368	0
4369	0
4370	0
4371	0
4372	1
4373	0
4374	0
4375	0
4376	0
4377	1
4378	0
4379	0
4380	0
4381	0
4382	0
4383	0
4384	0
4385	0
4386	0
4387	0
4388	0
4389	0
4390	0
4391	0
4392	0
4393	0
4394	0
4395	0
4396	0
4397	0
4398	0
4399	0
4400	0
4401	0
4402	0
4403	0
4404	0
4405	0
4406	0
4407	1
4408	0
4409	0
4410	0
4411	0
4412	0
4413	0
4414	0
4415	0
4416	0
4417	0
4418	0
4419	0
4420	0
4421	0
4422	0
4423	0
4424	0
4425	0
4426	0
4427	0
4428	0
4429	0
4430	0
4431	0
4432	0
4433	0
4434	0
4435	0
4436	0
4437	0
4438	0
4439	0
4440	0
4441	0
4442	0
4443	0
4444	0
4445	0
4446	0
4447	0
4448	0
4449	0
4450	0
4451	0
4452	0
4453	1
4454	0
4455	0
4456	0
4457	0
4458	0
4459	0
4460	0
4461	0
4462	0
4463	0
4464	0
4465	1
4466	0
4467	0
4468	0
4469	0
4470	0
4471	0
4472	0
4473	0
4474	0
4475	0
4476	0
4477	0
4478	0
4479	0
4480	0
4481	0
4482	0
4483	0
4484	0
4485	0
4486	0
4487	0
4488	0
4489	0
4490	0
4491	0
4492	0
4493	0
4494	0
4495	0
4496	0
4497	0
4498	0
4499	0
4500	0
4501	0
4502	0
4503	0
4504	0
4505	0
4506	0
4507	0
4508	0
4509	0
4510	0
4511	0
4512	0
4513	0
4514	0
4515	0
4516	0
4517	0
4518	0
4519	0
4520	0
4521	0
4522	0
4523	0
4524	0
4525	0
4526	0
4527	0
4528	0
4529	0
4530	0
4531	0
4532	0
4533	0
4534	0
4535	0
4536	0
4537	1
4538	0
4539	0
4540	0
4541	0
4542	0
4543	0
4544	0
4545	0
4546	0
4547	0
4548	0
4549	0
4550	0
4551	0
4552	0
4553	0
4554	0
4555	0
4556	0
4557	0
4558	0
4559	0
4560	0
4561	0
4562	0
4563	0
4564	0
4565	0
4566	0
4567	0
4568	0
4569	0
4570	0
4571	0
4572	0
4573	0
4574	0
4575	0
4576	0
4577	0
4578	0
4579	0
4580	0
4581	0
4582	1
4583	0
4584	0
4585	0
4586	0
4587	0
4588	0
4589	0
4590	0
4591	0
4592	0
4593	0
4594	0
4595	0
4596	0
4597	0
4598	0
4599	0
4600	0
4601	0
4602	0
4603	0
4604	0
4605	0
4606	0
4607	0
4608	0
4609	0
4610	0
4611	0
4612	0
4613	0
4614	0
4615	0
4616	0
4617	0
4618	0
4619	0
4620	0
4621	0
4622	0
4623	0
4624	0
4625	0
4626	0
4627	0
4628	0
4629	0
4630	0
4631	0
4632	0
4633	0
4634	0
4635	0
4636	0
4637	0
4638	0
4639	0
4640	0
4641	0
4642	0
4643	0
4644	0
4645	0
4646	0
4647	0
4648	0
4649	0
4650	0
4651	0
4652	0
4653	0
4654	0
4655	0
4656	0
4657	0
4658	0
4659	0
4660	0
4661	0
4662	0
4663	0
4664	0
4665	0
4666	0
4667	0
4668	0
4669	0
4670	0
4671	0
4672	0
4673	0
4674	0
4675	0
4676	0
4677	0
4678	0
4679	0
4680	0
4681	0
4682	0
4683	0
4684	0
4685	0
4686	0
4687	0
4688	0
4689	0
4690	0
4691	0
4692	0
4693	0
4694	0
4695	0
4696	0
4697	0
4698	0
4699	0
4700	0
4701	0
4702	0
4703	0
4704	0
4705	0
4706	0
4707	0
4708	0
4709	0
4710	0
4711	0
4712	0
4713	0
4714	0
4715	0
4716	0
4717	0
4718	0
4719	0
4720	0
4721	0
4722	0
4723	0
4724	0
4725	0
4726	0
4727	0
4728	0
4729	0
4730	0
4731	0
4732	0
4733	0
4734	0
4735	0
4736	0
4737	0
4738	0
4739	0
4740	0
4741	0
4742	0
4743	0
4744	0
4745	0
4746	0
4747	0
4748	0
4749	0
4750	0
4751	0
4752	0
4753	0
4754	0
4755	0
4756	0
4757	0
4758	0
4759	0
4760	0
4761	0
4762	0
4763	0
4764	0
4765	0
4766	0
4767	0
4768	0
4769	0
4770	0
4771	0
4772	0
4773	0
4774	0
4775	0
4776	0
4777	0
4778	1
4779	1
4780	0
4781	0
4782	0
4783	0
4784	0
4785	0
4786	0
4787	0
4788	0
4789	0
4790	0
4791	0
4792	0
4793	0
4794	0
4795	0
4796	0
4797	0
4798	0
4799	0
4800	0
4801	0
4802	0
4803	0
4804	0
4805	0
4806	0
4807	1
4808	0
4809	0
4810	0
4811	0
4812	0
4813	0
4814	0
4815	0
4816	0
4817	0
4818	0
4819	0
4820	0
4821	0
4822	0
4823	0
4824	0
4825	0
4826	0
4827	0
4828	0
4829	0
4830	0
4831	0
4832	0
4833	0
4834	0
4835	1
4836	0
4837	0
4838	0
4839	0
4840	0
4841	0
4842	0
4843	0
4844	0
4845	0
4846	0
4847	1
4848	0
4849	0
4850	0
4851	0
4852	0
4853	0
4854	0
4855	0
4856	0
4857	0
4858	0
4859	0
4860	0
4861	0
4862	0
4863	0
4864	0
4865	0
4866	0
4867	0
4868	0
4869	0
4870	0
4871	0
4872	0
4873	0
4874	0
4875	0
4876	0
4877	0
4878	0
4879	0
4880	0
4881	0
4882	0
4883	0
4884	0
4885	0
4886	0
4887	0
4888	0
4889	0
4890	0
4891	0
4892	0
4893	0
4894	0
4895	0
4896	0
4897	0
4898	0
4899	0
4900	0
4901	0
4902	0
4903	0
4904	0
4905	0
4906	0
4907	0
4908	0
4909	0
4910	0
4911	0
4912	0
4913	0
4914	0
4915	0
4916	0
4917	0
4918	0
4919	0
4920	0
4921	0
4922	0
4923	0
4924	0
4925	0
4926	0
4927	0
4928	0
4929	0
4930	0
4931	0
4932	0
4933	0
4934	0
4935	0
4936	0
4937	0
4938	0
4939	0
4940	0
4941	0
4942	0
4943	0
4944	0
4945	3
4946	0
4947	0
4948	0
4949	0
4950	0
4951	0
4952	1
4953	0
4954	0
4955	0
4956	0
4957	0
4958	0
4959	0
4960	0
4961	0
4962	0
4963	0
4964	0
4965	0
4966	0
4967	0
4968	0
4969	0
4970	0
4971	0
4972	0
4973	1
4974	1
4975	0
4976	0
4977	0
4978	0
4979	0
4980	0
4981	0
4982	0
4983	0
4984	0
4985	0
4986	1
4987	0
4988	0
4989	0
4990	0
4991	0
4992	0
4993	0
4994	0
4995	0
4996	0
4997	0
4998	0
4999	0
5000	0
5001	0
5002	0
5003	0
5004	0
5005	0
5006	0
5007	0
5008	0
5009	0
5010	0
5011	0
5012	0
5013	0
5014	0
5015	0
5016	0
5017	0
5018	0
5019	0
5020	0
5021	0
5022	0
5023	0
5024	0
5025	0
5026	0
5027	0
5028	0
5029	0
5030	0
5031	0
5032	0
5033	0
5034	0
5035	1
5036	0
5037	0
5038	0
5039	0
5040	0
5041	0
5042	0
5043	0
5044	0
5045	0
5046	0
5047	0
5048	0
5049	0
5050	0
5051	0
5052	0
5053	0
5054	0
5055	0
5056	0
5057	0
5058	0
5059	0
5060	1
5061	0
5062	0
5063	0
5064	0
5065	0
5066	0
5067	0
5068	0
5069	0
5070	0
5071	0
5072	0
5073	0
5074	0
5075	0
5076	0
5077	0
5078	0
5079	0
5080	0
5081	0
5082	0
5083	0
5084	0
5085	0
5086	0
5087	0
5088	0
5089	0
5090	0
5091	0
5092	0
5093	0
5094	0
5095	0
5096	0
5097	0
5098	0
5099	0
5100	0
5101	0
5102	0
5103	0
5104	0
5105	0
5106	0
5107	0
5108	0
5109	0
5110	0
5111	0
5112	0
5113	0
5114	0
5115	0
5116	0
5117	0
5118	0
5119	0
5120	0
5121	0
5122	0
5123	0
5124	0
5125	0
5126	0
5127	0
5128	0
5129	0
5130	0
5131	0
5132	0
5133	0
5134	0
5135	0
5136	0
5137	1
5138	0
5139	0
5140	0
5141	0
5142	0
5143	0
5144	0
5145	0
5146	0
5147	0
5148	0
5149	0
5150	0
5151	0
5152	0
5153	0
5154	0
5155	0
5156	0
5157	0
5158	0
5159	0
5160	0
5161	0
5162	0
5163	0
5164	0
5165	0
5166	0
5167	0
5168	0
5169	0
5170	0
5171	0
5172	0
5173	0
5174	0
5175	0
5176	0
5177	0
5178	0
5179	0
5180	0
5181	0
5182	0
5183	0
5184	0
5185	0
5186	0
5187	0
5188	0
5189	0
5190	0
5191	0
5192	0
5193	0
5194	0
5195	0
5196	0
5197	0
5198	0
5199	0
5200	0
5201	0
5202	0
5203	0
5204	0
5205	0
5206	0
5207	0
5208	0
5209	0
5210	0
5211	0
5212	0
5213	0
5214	0
5215	0
5216	0
5217	0
5218	0
5219	0
5220	0
5221	0
5222	0
5223	0
5224	0
5225	0
5226	0
5227	0
5228	0
5229	0
5230	0
5231	0
5232	0
5233	0
5234	0
5235	0
5236	0
5237	0
5238	0
5239	0
5240	0
5241	0
5242	0
5243	0
5244	0
5245	0
5246	0
5247	0
5248	0
5249	0
5250	0
5251	0
5252	0
5253	0
5254	0
5255	0
5256	0
5257	0
5258	0
5259	0
5260	0
5261	0
5262	0
5263	0
5264	0
5265	0
5266	0
5267	0
5268	0
5269	0
5270	0
5271	0
5272	0
5273	0
5274	0
5275	0
5276	0
5277	0
5278	0
5279	0
5280	0
5281	0
5282	0
5283	0
5284	0
5285	0
5286	0
5287	0
5288	0
5289	0
5290	0
5291	0
5292	0
5293	0
5294	0
5295	0
5296	0
5297	0
5298	0
5299	0
5300	0
5301	0
5302	0
5303	0
5304	0
5305	0
5306	0
5307	0
5308	0
5309	0
5310	0
5311	0
5312	0
5313	0
5314	0
5315	0
5316	0
5317	0
5318	0
5319	0
5320	0
5321	0
5322	0
5323	0
5324	0
5325	0
5326	0
5327	0
5328	0
5329	0
5330	0
5331	0
5332	0
5333	0
5334	0
5335	0
5336	0
5337	0
5338	0
5339	0
5340	0
5341	0
5342	0
5343	0
5344	0
5345	0
5346	0
5347	0
5348	0
5349	0
5350	0
5351	0
5352	0
5353	0
5354	0
5355	0
5356	0
5357	0
5358	0
5359	0
5360	0
5361	0
5362	0
5363	0
5364	0
5365	0
5366	0
5367	0
5368	0
5369	0
5370	0
5371	0
5372	0
5373	0
5374	0
5375	0
5376	0
5377	0
5378	0
5379	0
5380	0
5381	0
5382	0
5383	0
5384	0
5385	0
5386	0
5387	0
5388	0
5389	0
5390	0
5391	0
5392	0
5393	0
5394	0
5395	0
5396	0
5397	0
5398	0
5399	0
5400	0
5401	0
5402	0
5403	0
5404	0
5405	0
5406	0
5407	0
5408	0
5409	0
5410	0
5411	0
5412	0
5413	0
5414	0
5415	0
5416	0
5417	0
5418	0
5419	0
5420	0
5421	0
5422	0
5423	0
5424	0
5425	0
5426	0
5427	0
5428	0
5429	0
5430	0
5431	0
5432	0
5433	0
5434	0
5435	0
5436	0
5437	0
5438	0
5439	0
5440	0
5441	0
5442	0
5443	0
5444	0
5445	0
5446	0
5447	0
5448	0
5449	0
5450	0
5451	0
5452	0
5453	0
5454	0
5455	0
5456	0
5457	0
5458	0
5459	0
5460	0
5461	0
5462	0
5463	0
5464	0
5465	0
5466	0
5467	0
5468	0
5469	0
5470	0
5471	0
5472	0
5473	0
5474	0
5475	0
5476	0
5477	0
5478	0
5479	0
5480	0
5481	0
5482	0
5483	0
5484	0
5485	0
5486	0
5487	0
5488	0
5489	0
5490	0
5491	0
5492	0
5493	0
5494	0
5495	0
5496	0
5497	0
5498	0
5499	0
5500	0
5501	0
5502	0
5503	0
5504	0
5505	0
5506	0
5507	0
5508	0
5509	0
5510	0
5511	0
5512	0
5513	0
5514	0
5515	0
5516	0
5517	0
5518	0
5519	0
5520	0
5521	0
5522	0
5523	0
5524	0
5525	0
5526	0
5527	0
5528	0
5529	0
5530	0
5531	0
5532	0
5533	0
5534	0
5535	0
5536	0
5537	0
5538	0
5539	0
5540	0
5541	0
5542	0
5543	0
5544	0
5545	0
5546	0
5547	0
5548	0
5549	0
5550	0
5551	0
5552	0
5553	0
5554	0
5555	0
5556	0
5557	0
5558	0
5559	0
5560	0
5561	0
5562	0
5563	0
5564	0
5565	0
5566	0
5567	0
5568	0
5569	0
5570	0
5571	0
5572	0
5573	0
5574	0
5575	0
5576	0
5577	0
5578	0
5579	0
5580	0
5581	0
5582	0
5583	0
5584	0
5585	0
5586	0
5587	0
5588	0
5589	0
5590	0
5591	0
5592	0
5593	0
5594	0
5595	0
5596	0
5597	0
5598	0
5599	0
5600	0
5601	0
5602	0
5603	0
5604	0
5605	0
5606	0
5607	0
5608	0
5609	0
5610	0
5611	0
5612	0
5613	0
5614	0
5615	0
5616	0
5617	0
5618	0
5619	0
5620	0
5621	0
5622	0
5623	0
5624	0
5625	0
5626	0
5627	0
5628	0
5629	0
5630	0
5631	0
5632	0
5633	0
5634	0
5635	0
5636	0
5637	0
5638	0
5639	0
5640	0
5641	0
5642	0
5643	0
5644	0
5645	0
5646	0
5647	0
5648	0
5649	0
5650	0
5651	0
5652	0
5653	0
5654	0
5655	0
5656	0
5657	0
5658	0
5659	0
5660	0
5661	0
5662	0
5663	0
5664	0
5665	0
5666	0
5667	0
5668	0
5669	0
5670	0
5671	0
5672	0
5673	0
5674	0
5675	0
5676	0
5677	0
5678	0
5679	0
5680	0
5681	0
5682	0
5683	0
5684	0
5685	0
5686	0
5687	0
5688	0
5689	0
5690	0
5691	0
5692	0
5693	0
5694	0
5695	0
5696	0
5697	0
5698	0
5699	0
5700	0
5701	0
5702	0
5703	0
5704	0
5705	0
5706	0
5707	0
5708	0
5709	0
5710	0
5711	0
5712	0
5713	0
5714	0
5715	0
5716	0
5717	0
5718	0
5719	0
5720	0
5721	0
5722	0
5723	0
5724	0
5725	0
5726	0
5727	0
5728	0
5729	0
5730	0
5731	0
5732	0
5733	0
5734	0
5735	0
5736	0
5737	0
5738	0
5739	0
5740	0
5741	0
5742	0
5743	0
5744	0
5745	0
5746	0
5747	0
5748	0
5749	0
5750	0
5751	0
5752	0
5753	0
5754	0
5755	0
5756	0
5757	0
5758	0
5759	0
5760	0
5761	0
5762	0
5763	0
5764	0
5765	0
5766	0
5767	0
5768	0
5769	0
5770	0
5771	0
5772	0
5773	0
5774	0
5775	0
5776	0
5777	0
5778	0
5779	0
5780	0
5781	0
5782	0
5783	0
5784	0
5785	0
5786	0
5787	0
5788	0
5789	0
5790	0
5791	0
5792	0
5793	0
5794	0
5795	0
5796	0
5797	0
5798	0
5799	0
5800	0
5801	0
5802	0
5803	0
5804	0
5805	0
5806	0
5807	0
5808	0
5809	0
5810	0
5811	0
5812	0
5813	0
5814	0
5815	0
5816	0
5817	0
5818	0
5819	0
5820	0
5821	0
5822	0
5823	0
5824	0
5825	0
5826	0
5827	0
5828	0
5829	0
5830	0
5831	0
5832	0
5833	0
5834	0
5835	0
5836	0
5837	0
5838	0
5839	0
5840	0
5841	0
5842	0
5843	0
5844	0
5845	0
5846	0
5847	0
5848	0
5849	0
5850	0
5851	0
5852	0
5853	0
5854	0
5855	0
5856	0
5857	0
5858	0
5859	0
5860	0
5861	0
5862	0
5863	0
5864	0
5865	0
5866	0
5867	0
5868	0
5869	0
5870	0
5871	0
5872	0
5873	0
5874	0
5875	0
5876	0
5877	0
5878	0
5879	0
5880	0
5881	0
5882	0
5883	0
5884	0
5885	0
5886	0
5887	0
5888	0
5889	0
5890	0
5891	0
5892	0
5893	0
5894	0
5895	0
5896	0
5897	0
5898	0
5899	0
5900	0
5901	0
5902	0
5903	0
5904	0
5905	0
5906	0
5907	0
5908	0
5909	0
5910	0
5911	0
5912	0
5913	0
5914	0
5915	0
5916	0
5917	0
5918	0
5919	0
5920	0
5921	0
5922	0
5923	0
5924	0
5925	0
5926	0
5927	0
5928	0
5929	0
5930	0
5931	0
5932	0
5933	0
5934	0
5935	0
5936	0
5937	0
5938	0
5939	0
5940	0
5941	0
5942	0
5943	0
5944	0
5945	0
5946	0
5947	0
5948	0
5949	0
5950	0
5951	0
5952	0
5953	0
5954	0
5955	0
5956	0
5957	0
5958	0
5959	0
5960	0
5961	0
5962	0
5963	0
5964	0
5965	0
5966	0
5967	0
5968	0
5969	0
5970	0
5971	0
5972	0
5973	0
5974	0
5975	0
5976	0
5977	0
5978	0
5979	0
5980	0
5981	0
5982	0
5983	0
5984	0
5985	0
5986	0
5987	0
5988	0
5989	0
5990	0
5991	0
5992	0
5993	0
5994	0
5995	0
5996	0
5997	0
5998	0
5999	0
6000	0
6001	0
6002	0
6003	0
6004	0
6005	0
6006	0
6007	0
6008	0
6009	0
6010	0
6011	0
6012	0
6013	0
6014	0
6015	0
6016	0
6017	0
6018	0
6019	0
6020	0
6021	0
6022	0
6023	0
6024	0
6025	0
6026	0
6027	0
6028	0
6029	0
6030	0
6031	0
6032	0
6033	0
6034	0
6035	0
6036	0
6037	0
6038	0
6039	0
6040	0
6041	0
6042	0
6043	0
6044	0
6045	0
6046	0
6047	0
6048	0
6049	0
6050	0
6051	0
6052	0
6053	0
6054	0
6055	0
6056	0
6057	0
6058	0
6059	0
6060	0
6061	0
6062	0
6063	0
6064	0
6065	0
6066	0
6067	0
6068	0
6069	0
6070	0
6071	0
6072	0
6073	0
6074	0
6075	0
6076	0
6077	0
6078	0
6079	0
6080	0
6081	0
6082	0
6083	0
6084	0
6085	0
6086	0
6087	0
6088	0
6089	0
6090	0
6091	0
6092	0
6093	0
6094	0
6095	0
6096	0
6097	0
6098	0
6099	0
6100	0
6101	0
6102	0
6103	0
6104	0
6105	0
6106	0
6107	0
6108	0
6109	0
6110	0
6111	0
6112	0
6113	0
6114	0
6115	0
6116	0
6117	0
6118	0
6119	0
6120	0
6121	0
6122	0
6123	0
6124	0
6125	0
6126	0
6127	0
6128	0
6129	0
6130	0
6131	0
6132	0
6133	0
6134	0
6135	0
6136	0
6137	0
6138	0
6139	0
6140	0
6141	0
6142	0
6143	0
6144	0
6145	0
6146	0
6147	0
6148	0
6149	0
6150	0
6151	0
6152	0
6153	0
6154	0
6155	0
6156	0
6157	0
6158	0
6159	0
6160	0
6161	0
6162	0
6163	0
6164	0
6165	0
6166	0
6167	0
6168	0
6169	0
6170	0
6171	0
6172	0
6173	0
6174	0
6175	0
6176	0
6177	0
6178	0
6179	0
6180	0
6181	0
6182	0
6183	0
6184	0
6185	0
6186	0
6187	0
6188	0
6189	0
6190	0
6191	0
6192	0
6193	0
6194	0
6195	0
6196	0
6197	0
6198	0
6199	0
6200	0
6201	0
6202	0
6203	0
6204	0
6205	0
6206	0
6207	0
6208	0
6209	0
6210	0
6211	0
6212	0
6213	0
6214	0
6215	0
6216	0
6217	0
6218	0
6219	0
6220	0
6221	0
6222	0
6223	0
6224	0
6225	0
6226	0
6227	0
6228	0
6229	0
6230	0
6231	0
6232	0
6233	0
6234	0
6235	0
6236	0
6237	0
6238	0
6239	0
6240	0
6241	0
6242	0
6243	0
6244	0
6245	0
6246	0
6247	0
6248	0
6249	0
6250	0
6251	0
6252	0
6253	0
6254	0
6255	0
6256	0
6257	0
6258	0
6259	0
6260	0
6261	0
6262	0
6263	0
6264	0
6265	0
6266	0
6267	0
6268	0
6269	0
6270	0
6271	0
6272	0
6273	0
6274	0
6275	0
6276	0
6277	0
6278	0
6279	0
6280	0
6281	0
6282	0
6283	0
6284	0
6285	0
6286	0
6287	0
6288	0
6289	0
6290	0
6291	0
6292	0
6293	0
6294	0
6295	0
6296	0
6297	0
6298	0
6299	0
6300	0
6301	0
6302	0
6303	0
6304	0
6305	0
6306	0
6307	0
6308	0
6309	0
6310	0
6311	0
6312	0
6313	0
6314	0
6315	0
6316	0
6317	0
6318	0
6319	0
6320	0
6321	0
6322	0
6323	0
6324	0
6325	0
6326	0
6327	0
6328	0
6329	0
6330	0
6331	0
6332	0
6333	0
6334	0
6335	0
6336	0
6337	0
6338	0
6339	0
6340	0
6341	0
6342	0
6343	0
6344	0
6345	0
6346	0
6347	0
6348	0
6349	0
6350	0
6351	0
6352	0
6353	0
6354	0
6355	0
6356	0
6357	0
6358	0
6359	0
6360	0
6361	0
6362	0
6363	0
6364	0
6365	0
6366	0
6367	0
6368	0
6369	0
6370	0
6371	0
6372	0
6373	0
6374	0
6375	0
6376	0
6377	0
6378	0
6379	0
6380	0
6381	0
6382	0
6383	0
6384	0
6385	0
6386	0
6387	0
6388	0
6389	0
6390	0
6391	0
6392	0
6393	0
6394	0
6395	0
6396	0
6397	0
6398	0
6399	0
6400	0
6401	0
6402	0
6403	0
6404	0
6405	0
6406	0
6407	0
6408	0
6409	0
6410	0
6411	0
6412	0
6413	0
6414	0
6415	0
6416	0
6417	0
6418	1
